./task3.out
T1: 3.41462
T2: 1.73171 S2: 1.97182
T4: 0.875484 S4: 3.90027
T6: 0.641457 S6: 5.32322
T8: 0.436459 S8: 7.82346
T16: 0.266338 S16: 12.8206
T20: 0.23423 S20: 14.5781
T40: 0.18495 S40: 18.4623

T1: 13.5557
T2: 6.88724 S2: 1.96824
T4: 3.67231 S4: 3.69134
T6: 2.3499 S6: 5.76864
T8: 1.77775 S8: 7.62524
T16: 0.97667 S16: 13.8795
T20: 1.03814 S20: 13.0577
T40: 0.797135 S40: 17.0056

