./task2.out
:20000
T1: 3.82429
T2: 2.61924 S2: 1.46007
T4: 1.1437 S4: 3.34378
T6: 0.738377 S6: 5.17931
T8: 0.732213 S8: 5.22291
T16: 0.495276 S16: 7.72153
T20: 0.389482 S20: 9.81889
T40: 0.254904 S40: 15.0029

:40000
T1: 14.7661
T2: 7.86111 S2: 1.87837
T4: 4.01372 S4: 3.67889
T6: 4.50111 S6: 3.28054
T8: 2.38501 S8: 6.19119
T16: 1.23321 S16: 11.9737
T20: 1.08942 S20: 13.5541
T40: 0.873017 S40: 16.9138
